9254835974458887629672873635789957411886024698554157393849494864228024962939550688297074527198420261051675205999609689838587412
7948702662533481896767559573369920938242346354580061545409242090168773727371802699309443935396635866263937828773324526334321892
7929250312741837331511829643632683169694074912332726993582394725302853411901337696207186358524323117172520907433878952968176465
9486937364148093931718552300016332142708943190856638524388888569011747617956915519539025796115901484762122047712200094207683584
0703675740855407318047361595661595146837376373951978537785605481083388906490085533348547865459237835407372374738389274773789264
3524314516560200536698529022539598732463389124803873184044464663165630452635665559603483233341839268186056673186867104904449866
3388466377320953222057779182433549144340237502432464295061371141084500222833875925546082542869030852833895137466510262849050187
2359980877010447170873386178573828860442255448874794721230413368694441497441338856684036949118353204002591974711928301953002372
6372613557152801003023836434406997863096739346637849381675791163293956729985652182807911615231198696051411047800847064484769940
4555399892730282159333189930818248844009737851281434494736943722577947684829017806688345340403991974811107725657399196027995602
3976607710681047393460981746843991626375149576917517874980586155555711990727221948467045177979554215577477183785345135535682148
8981224019853812859833307577420310576654838103212699667682513798088777109119729024038590682109547975734687407898816774007038892
9017123764104410282402525387418186790830943654104676998756681754083664849203556615995024922746652778319099999725942494552746687
4602993085345245279681119328539229356959910969065035141679707233267342542524482900839390718291823532073464112692162110160887576
8646564120617234541914353449310981315044240998894442066188871011899825887695202156119273906958004776559173081177243291448706570
4866033151494706872899672197703352421058356661105030485577210664650513250767511742264039882291373723618030276740280451621184372
9438899492601727676139376045138079061355198567322008270344297244790265795845160675322685239683610065522225253070076549915962270